LV 0 0 60
LH 0 0 150
LH 0 20 150
LH 0 40 150
LH 0 60 150
LV 150 0 60

RC 15 10 10 3
RC 35 10 10 3
RC 55 10 10 3
RC 75 10 10 3
RC 95 10 10 3
RC 115 10 10 3
RC 135 10 10 3

RC 15 50 10 3
RC 35 50 10 3
RC 55 50 10 3
RC 75 50 10 3
RC 95 50 10 3
RC 115 50 10 3
RC 135 50 10 3

LV 0 37 3
LH 0 37 10
LV 10 37 3

LV 20 37 3
LH 20 37 10
LV 30 37 3

LV 40 37 3
LH 40 37 10
LV 50 37 3

LV 60 37 3
LH 60 37 10
LV 70 37 3

LV 80 37 3
LH 80 37 10
LV 90 37 3

LV 100 37 3
LH 100 37 10
LV 110 37 3

LV 120 37 3
LH 120 37 10
LV 130 37 3

LV 140 37 3
LH 140 37 10
LV 150 37 3

LV 0 20 3
LH 0 23 10
LV 10 20 3

LV 20 20 3
LH 20 23 10
LV 30 20 3

LV 40 20 3
LH 40 23 10
LV 50 20 3

LV 60 20 3
LH 60 23 10
LV 70 20 3

LV 80 20 3
LH 80 23 10
LV 90 20 3

LV 100 20 3
LH 100 23 10
LV 110 20 3

LV 120 20 3
LH 120 23 10
LV 130 20 3

LV 140 20 3
LH 140 23 10
LV 150 20 3
