ADD 0 0 a
R 0 0 40 20
M 10 20 10 10 30 10 30 0
END
ADD 40 0 a
R 0 0 40 20
M 10 20 10 10 30 10 30 0
END
ADD 0 20 a
R 0 0 40 20
M 10 20 10 10 30 10 30 0
P 3 3 13 3 13 6 6 6 6 13 3 13
ADD 18 -2 d
P 19 19 9 19 9 16 16 16 16 9 19 9
END
END
ADD 40 20 a
R 0 0 40 20
M 10 20 10 10 30 10 30 0
P 3 3 13 3 13 6 6 6 6 13 3 13
ADD 18 -2 d
P 19 19 9 19 9 16 16 16 16 9 19 9
END
END
ADD 100 60 a
R 0 0 40 20
M 10 20 10 10 30 10 30 0
P 3 3 13 3 13 6 6 6 6 13 3 13
ADD 18 -2 d
P 19 19 9 19 9 16 16 16 16 9 19 9
END
END
ADD 100 80 a
R 0 0 40 20
M 10 20 10 10 30 10 30 0
P 3 3 13 3 13 6 6 6 6 13 3 13
ADD 18 -2 d
P 19 19 9 19 9 16 16 16 16 9 19 9
END
END
ADD 0 40 b
R 0 0 80 10
END
ADD 0 50 b
R 0 0 80 10
END
ADD 0 60 b
R 0 0 100 10
END
ADD 0 70 b
R 0 0 100 10
END
ADD 0 80 b
R 0 0 100 10
END
ADD 0 90 b
R 0 0 100 10
END
ADD 0 100 b
R 0 0 80 10
END
ADD 0 110 b
R 0 0 80 10
END
ADD 80 0 c
R 0 0 17 60
M 10 0 10 10 7 10 7 20 10 20 10 30 7 30 7 40 10 40 10 50 7 50 7 60
END
ADD 97 0 c
R 0 0 17 60
M 10 0 10 10 7 10 7 20 10 20 10 30 7 30 7 40 10 40 10 50 7 50 7 60
END
ADD 114 0 c
R 0 0 17 60
M 10 0 10 10 7 10 7 20 10 20 10 30 7 30 7 40 10 40 10 50 7 50 7 60
END
ADD 131 0 c
R 0 0 17 60
M 10 0 10 10 7 10 7 20 10 20 10 30 7 30 7 40 10 40 10 50 7 50 7 60
END