ADD 0  0 a
P 22 0 22 3 3 22 0 22 0 12 3 12 3 3 12 3 12 0
P 22 3 25 3 25 13 22 13 22 22 13 22 13 25 3 25 3 22
END
ADD 25 0 b
P 22 0 22 3 3 22 0 22 0 12 3 12 3 3 12 3 12 0
P 22 3 25 3 25 13 22 13 22 22 13 22 13 25 3 25 3 22
END
ADD 0 25 c
P 22 0 22 3 3 22 0 22 0 12 3 12 3 3 12 3 12 0
P 22 3 25 3 25 13 22 13 22 22 13 22 13 25 3 25 3 22
END
ADD 25 25 d
P 22 0 22 3 3 22 0 22 0 12 3 12 3 3 12 3 12 0
P 22 3 25 3 25 13 22 13 22 22 13 22 13 25 3 25 3 22
END
ADD 51 0 e
P 0 0 0 5 3 5 3 10 117 10 117 5 120 5 120 0
R 12 3.5 10 3
R 98 3.5 10 3
END
ADD 51 10 f
P 0 0 0 5 3 5 3 10 117 10 117 5 120 5 120 0
R 12 3.5 10 3
R 98 3.5 10 3
END
ADD 51 20 g
P 0 0 0 5 3 5 3 10 117 10 117 5 120 5 120 0
R 12 3.5 10 3
R 98 3.5 10 3
END
ADD 51 30 h
P 0 0 0 5 3 5 3 10 117 10 117 5 120 5 120 0
R 12 3.5 10 3
R 98 3.5 10 3
END
ADD 51 40 i
P 0 0 0 5 3 5 3 10 117 10 117 5 120 5 120 0
R 12 3.5 10 3
R 98 3.5 10 3
END
ADD 51 50 k
P 0 0 0 5 3 5 3 10 117 10 117 5 120 5 120 0
R 12 3.5 10 3
R 98 3.5 10 3
END
ADD 51 60 o
P 0 0 0 5 3 5 3 10 117 10 117 5 120 5 120 0
R 12 3.5 10 3
R 98 3.5 10 3
END
ADD 51 70 p
P 0 0 0 5 3 5 3 10 117 10 117 5 120 5 120 0
R 12 3.5 10 3
R 98 3.5 10 3
END
ADD 0 50 q
P 0 0 0 60 17 60 17 0 0 0
M 10 0 10 10 7 10 7 20 10 20 10 30 7 30 7 40 10 40 10 50 7 50 7 60
END
ADD 17 50 w
P 0 0 0 60 17 60 17 0 0 0
M 10 0 10 10 7 10 7 20 10 20 10 30 7 30 7 40 10 40 10 50 7 50 7 60
END
ADD 34 50 e
P 0 0 0 60 17 60 17 0 0 0
M 10 0 10 10 7 10 7 20 10 20 10 30 7 30 7 40 10 40 10 50 7 50 7 60
END
ADD 51 80 t
R 0 0 60 17
M 0 7 10 7 10 10 20 10 20 7 30 7 30 10 40 10 40 7 50 7 50 10 60 10
END

