ADD 0 0 el-1
P 0 0 0 60 17 60 17 0 0 0
M 10 0 10 10 7 10 7 20 10 20 10 30 7 30 7 40 10 40 10 50 7 50 7 60
END
ADD 17 0 el-2
P 0 0 0 60 17 60 17 0 0 0
M 10 0 10 10 7 10 7 20 10 20 10 30 7 30 7 40 10 40 10 50 7 50 7 60
END
ADD 34 0 el-3
P 0 0 0 60 17 60 17 0 0 0
M 10 0 10 10 7 10 7 20 10 20 10 30 7 30 7 40 10 40 10 50 7 50 7 60
END
ADD 51 0 el-4
P 0 0 0 60 17 60 17 0 0 0
M 10 0 10 10 7 10 7 20 10 20 10 30 7 30 7 40 10 40 10 50 7 50 7 60
END

ADD 68 0 ti-2
R 0 0 10 60
RC 5 10 3 10
RC 5 30 3 10
RC 5 50 3 10
ADD 10 0 back
P 3 0 10 0 10 60 3 60 3 55 0 55 0 45 3 45 3 35 0 35 0 25 3 25 3 15 0 15 0 5 3 5
END
END

ADD 88 0 ti-3
R 0 0 10 60
RC 5 10 3 10
RC 5 30 3 10
RC 5 50 3 10
ADD 10 0 back
P 3 0 10 0 10 60 3 60 3 55 0 55 0 45 3 45 3 35 0 35 0 25 3 25 3 15 0 15 0 5 3 5
END
END

ADD 108 0 ti-1
R 0 0 10 60
RC 5 10 3 10
RC 5 30 3 10
RC 5 50 3 10
ADD 10 0 back
P 3 0 10 0 10 60 3 60 3 55 0 55 0 45 3 45 3 35 0 35 0 25 3 25 3 15 0 15 0 5 3 5
END
END

ADD 128 0 ti-4
R 0 0 10 60
RC 5 10 3 10
RC 5 30 3 10
RC 5 50 3 10
ADD 10 0 back
P 3 0 10 0 10 60 3 60 3 55 0 55 0 45 3 45 3 35 0 35 0 25 3 25 3 15 0 15 0 5 3 5
END
END

ADD 148 0 plus-1
R 0 0 10 60
RC 5 15 3 30
ADD 10 0 plus-1-2
R 0 0 10 60
RC 5 15 3 30
END
END


ADD 0 60 
R 0 0 20 50
M 20 10 10 10 10 20 0 20 0 30 10 30 10 40 20 40
P 3 3 13 3 13 6 6 6 6 13 3 13
RC 15 25 3 10
RC 11.5 25 10 3
END

ADD 20 60 
R 0 0 20 50
M 20 10 10 10 10 20 0 20 0 30 10 30 10 40 20 40
P 3 3 13 3 13 6 6 6 6 13 3 13
RC 15 25 3 10
RC 11.5 25 10 3
END

ADD 40 60 
R 0 0 20 50
M 20 10 10 10 10 20 0 20 0 30 10 30 10 40 20 40
P 3 3 13 3 13 6 6 6 6 13 3 13
RC 15 25 3 10
RC 11.5 25 10 3
END

ADD 60 60 
R 0 0 20 50
M 20 10 10 10 10 20 0 20 0 30 10 30 10 40 20 40
P 3 3 13 3 13 6 6 6 6 13 3 13
RC 15 25 3 10
RC 11.5 25 10 3
END

ADD 80 60 
R 0 0 20 50
M 20 10 10 10 10 20 0 20 0 30 10 30 10 40 20 40
P 3 3 13 3 13 6 6 6 6 13 3 13
ADD 0 50
P 3 -3 13 -3 13 -6 6 -6 6 -13 3 -13
END
RC 15 25 3 10
RC 11.5 25 10 3
END

ADD 100 60 
R 0 0 20 50
M 20 10 10 10 10 20 0 20 0 30 10 30 10 40 20 40
P 3 3 13 3 13 6 6 6 6 13 3 13
ADD 0 50
P 3 -3 13 -3 13 -6 6 -6 6 -13 3 -13
END
RC 15 25 3 10
RC 11.5 25 10 3
END


ADD 20 120 plus
P 10 0 20 0 20 10 30 10 30 20 20 20 20 30 10 30 10 20 0 20 0 10 10 10
RC 15 15 3 10
RC 15 15 10 3
END
ADD 60 120 plus
P 10 0 20 0 20 10 30 10 30 20 20 20 20 30 10 30 10 20 0 20 0 10 10 10
RC 15 15 3 10
RC 15 15 10 3
END
ADD 100 120 plus
P 10 0 20 0 20 10 30 10 30 20 20 20 20 30 10 30 10 20 0 20 0 10 10 10
END
ADD 0 110 t-sub
M 0 20 30 20 30 10 20 10 20 0 10 0 10 10 0 10 0 20
END
ADD 0 130 t-sub
M 0 20 30 20 30 10 20 10 20 0 10 0 10 10 0 10 0 20
END
ADD 40 110 t-sub
M 0 20 30 20 30 10 20 10 20 0 10 0 10 10 0 10 0 20
END
ADD 40 130 t-sub
M 0 20 30 20 30 10 20 10 20 0 10 0 10 10 0 10 0 20
END
ADD 80 110 t-sub
M 0 20 30 20 30 10 20 10 20 0 10 0 10 10 0 10 0 20
RC 15 15 10 3
RC 15 11.5 3 10
END
ADD 80 130 t-sub
M 0 20 30 20 30 10 20 10 20 0 10 0 10 10 0 10 0 20
RC 15 15 10 3
RC 15 11.5 3 10
END

